Number of Vertices: 
201
-1.000 0.246 0 0 1 0
-0.990 0.317 0 0 1 0
-0.980 0.384 0 0 1 0
-0.970 0.443 0 0 1 0
-0.960 0.493 0 0 1 0
-0.950 0.536 0 0 1 0
-0.940 0.570 0 0 1 0
-0.930 0.596 0 0 1 0
-0.920 0.616 0 0 1 0
-0.910 0.630 0 0 1 0
-0.900 0.640 0 0 1 0
-0.890 0.645 0 0 1 0
-0.880 0.646 0 0 1 0
-0.870 0.645 0 1 0 0
-0.860 0.642 0 1 0 0
-0.850 0.636 0 1 0 0
-0.840 0.629 0 1 0 0
-0.830 0.621 0 1 0 0
-0.820 0.611 0 1 0 0
-0.810 0.601 0 1 0 0
-0.800 0.590 0 1 0 0
-0.790 0.579 0 1 0 0
-0.780 0.568 0 1 0 0
-0.770 0.556 0 1 0 0
-0.760 0.544 0 1 0 0
-0.750 0.532 0 1 0 0
-0.740 0.519 0 1 0 0
-0.730 0.507 0 1 0 0
-0.720 0.495 0 1 0 0
-0.710 0.483 0 1 0 0
-0.700 0.470 0 1 0 0
-0.690 0.458 0 1 0 0
-0.680 0.446 0 1 0 0
-0.670 0.434 0 1 0 0
-0.660 0.422 0 1 0 0
-0.650 0.410 0 1 0 0
-0.640 0.398 0 1 0 0
-0.630 0.387 0 1 0 0
-0.620 0.375 0 1 0 0
-0.610 0.364 0 1 0 0
-0.600 0.352 0 1 0 0
-0.590 0.341 0 1 0 0
-0.580 0.330 0 1 0 0
-0.570 0.319 0 1 0 0
-0.560 0.308 0 1 0 0
-0.550 0.298 0 1 0 0
-0.540 0.287 0 1 0 0
-0.530 0.277 0 1 0 0
-0.520 0.267 0 1 0 0
-0.510 0.257 0 1 0 0
-0.500 0.247 0 1 0 0
-0.490 0.238 0 1 0 0
-0.480 0.228 0 1 0 0
-0.470 0.219 0 1 0 0
-0.460 0.210 0 1 0 0
-0.450 0.201 0 1 0 0
-0.440 0.192 0 1 0 0
-0.430 0.184 0 1 0 0
-0.420 0.175 0 1 0 0
-0.410 0.167 0 1 0 0
-0.400 0.159 0 1 0 0
-0.390 0.152 0 1 0 0
-0.380 0.144 0 1 0 0
-0.370 0.136 0 1 0 0
-0.360 0.129 0 1 0 0
-0.350 0.122 0 1 0 0
-0.340 0.115 0 1 0 0
-0.330 0.109 0 1 0 0
-0.320 0.102 0 1 0 0
-0.310 0.096 0 1 0 0
-0.300 0.090 0 1 0 0
-0.290 0.084 0 1 0 0
-0.280 0.078 0 1 0 0
-0.270 0.073 0 1 0 0
-0.260 0.068 0 1 0 0
-0.250 0.062 0 1 0 0
-0.240 0.058 0 1 0 0
-0.230 0.053 0 1 0 0
-0.220 0.048 0 1 0 0
-0.210 0.044 0 1 0 0
-0.200 0.040 0 1 0 0
-0.190 0.036 0 1 0 0
-0.180 0.032 0 1 0 0
-0.170 0.029 0 1 0 0
-0.160 0.026 0 1 0 0
-0.150 0.022 0 1 0 0
-0.140 0.020 0 1 0 0
-0.130 0.017 0 1 0 0
-0.120 0.014 0 1 0 0
-0.110 0.012 0 1 0 0
-0.100 0.010 0 1 0 0
-0.090 0.008 0 1 0 0
-0.080 0.006 0 1 0 0
-0.070 0.005 0 1 0 0
-0.060 0.004 0 1 0 0
-0.050 0.003 0 1 0 0
-0.040 0.002 0 1 0 0
-0.030 0.001 0 1 0 0
-0.020 0.000 0 1 0 0
-0.010 0.000 0 1 0 0
-0.000 0.000 0 1 0 0
0.010 0.000 0 0 1 0
0.020 0.000 0 0 1 0
0.030 0.001 0 0 1 0
0.040 0.002 0 0 1 0
0.050 0.002 0 0 1 0
0.060 0.004 0 0 1 0
0.070 0.005 0 0 1 0
0.080 0.006 0 0 1 0
0.090 0.008 0 0 1 0
0.100 0.010 0 0 1 0
0.110 0.012 0 0 1 0
0.120 0.014 0 0 1 0
0.130 0.017 0 0 1 0
0.140 0.020 0 0 1 0
0.150 0.022 0 0 1 0
0.160 0.026 0 0 1 0
0.170 0.029 0 0 1 0
0.180 0.032 0 0 1 0
0.190 0.036 0 0 1 0
0.200 0.040 0 0 1 0
0.210 0.044 0 0 1 0
0.220 0.048 0 0 1 0
0.230 0.053 0 0 1 0
0.240 0.058 0 0 1 0
0.250 0.062 0 0 1 0
0.260 0.068 0 0 1 0
0.270 0.073 0 0 1 0
0.280 0.078 0 0 1 0
0.290 0.084 0 0 1 0
0.300 0.090 0 0 1 0
0.310 0.096 0 0 1 0
0.320 0.102 0 0 1 0
0.330 0.109 0 0 1 0
0.340 0.115 0 0 1 0
0.350 0.122 0 0 1 0
0.360 0.129 0 0 1 0
0.370 0.136 0 0 1 0
0.380 0.144 0 0 1 0
0.390 0.152 0 0 1 0
0.400 0.159 0 0 1 0
0.410 0.167 0 0 1 0
0.420 0.175 0 0 1 0
0.430 0.184 0 0 1 0
0.440 0.192 0 0 1 0
0.450 0.201 0 0 1 0
0.460 0.210 0 0 1 0
0.470 0.219 0 0 1 0
0.480 0.228 0 0 1 0
0.490 0.238 0 0 1 0
0.500 0.247 0 0 1 0
0.510 0.257 0 0 1 0
0.520 0.267 0 0 1 0
0.530 0.277 0 0 1 0
0.540 0.287 0 0 1 0
0.550 0.298 0 0 1 0
0.560 0.308 0 0 1 0
0.570 0.319 0 0 1 0
0.580 0.330 0 0 1 0
0.590 0.341 0 0 1 0
0.600 0.352 0 0 1 0
0.610 0.364 0 0 1 0
0.620 0.375 0 0 1 0
0.630 0.387 0 0 1 0
0.640 0.398 0 0 1 0
0.650 0.410 0 0 1 0
0.660 0.422 0 0 1 0
0.670 0.434 0 0 1 0
0.680 0.446 0 0 1 0
0.690 0.458 0 0 1 0
0.700 0.470 0 0 1 0
0.710 0.483 0 0 1 0
0.720 0.495 0 0 1 0
0.730 0.507 0 0 1 0
0.740 0.519 0 0 1 0
0.750 0.532 0 0 1 0
0.760 0.544 0 0 1 0
0.770 0.556 0 0 1 0
0.780 0.568 0 0 1 0
0.790 0.579 0 0 1 0
0.800 0.590 0 0 1 0
0.810 0.601 0 0 1 0
0.820 0.611 0 0 1 0
0.830 0.621 0 0 1 0
0.840 0.629 0 0 1 0
0.850 0.636 0 0 1 0
0.860 0.642 0 0 1 0
0.870 0.645 0 0 1 0
0.880 0.646 0 0 1 0
0.890 0.645 0 1 0 0
0.900 0.640 0 1 0 0
0.910 0.630 0 1 0 0
0.920 0.616 0 1 0 0
0.930 0.596 0 1 0 0
0.940 0.570 0 1 0 0
0.950 0.536 0 1 0 0
0.960 0.493 0 1 0 0
0.970 0.443 0 1 0 0
0.980 0.384 0 1 0 0
0.990 0.317 0 1 0 0
1.000 0.246 0 1 0 0
