Number of Vertices: 71
-2.00000 16.33333 0 0 0.50000 0.50000
-1.90000 14.17076 0 0 0.50000 0.50000
-1.80000 12.15146 0 0 0.50000 0.50000
-1.70000 10.27136 0 0 0.50000 0.50000
-1.60000 8.52640 0 0 0.50000 0.50000
-1.50000 6.91250 0 0 0.50000 0.50000
-1.40000 5.42560 0 0 0.50000 0.50000
-1.30000 4.06163 0 0 0.50000 0.50000
-1.20000 2.81653 0 0 0.50000 0.50000
-1.10000 1.68623 0 0 0.50000 0.50000
-1.00000 0.66666 0 0 0.50000 0.50000
-0.90000 -0.24624 0 0 0.50000 0.50000
-0.80000 -1.05654 0 0 0.50000 0.50000
-0.70000 -1.76830 0 0 0.50000 0.50000
-0.60000 -2.38560 0 0 0.50000 0.50000
-0.50000 -2.91250 0 0 0.50000 0.50000
-0.40000 -3.35307 0 0 0.50000 0.50000
-0.30000 -3.71137 0 0 0.50000 0.50000
-0.20000 -3.99147 0 0 0.50000 0.50000
-0.10000 -4.19743 0 0 0.50000 0.50000
0.00000 -4.33333 0 0 0.50000 0.50000
0.10000 -4.40323 0 0 0.50000 0.50000
0.20000 -4.41120 0 0 0.50000 0.50000
0.30000 -4.36130 0 0 0.50000 0.50000
0.40000 -4.25760 0 0 0.50000 0.50000
0.50000 -4.10417 0 0 0.50000 0.50000
0.60000 -3.90507 0 0 0.50000 0.50000
0.70000 -3.66437 0 0 0.50000 0.50000
0.80000 -3.38613 0 0 0.50000 0.50000
0.90000 -3.07443 0 0 0.50000 0.50000
1.00000 -2.73333 0 0 0.50000 0.50000
1.10000 -2.36690 0 0 0.50000 0.50000
1.20000 -1.97920 0 0 0.50000 0.50000
1.30000 -1.57430 0 0 0.50000 0.50000
1.40000 -1.15626 0 0 0.50000 0.50000
1.50000 -0.72916 0 0 0.50000 0.50000
1.60000 -0.29706 0 0 0.50000 0.50000
1.70000 0.13597 0 0 0.50000 0.50000
1.80000 0.56587 0 0 0.50000 0.50000
1.90000 0.98857 0 0 0.50000 0.50000
2.00000 1.40000 0 0 0.50000 0.50000
2.10000 1.79610 0 0 0.50000 0.50000
2.20000 2.17280 0 0 0.50000 0.50000
2.30000 2.52603 0 0 0.50000 0.50000
2.40000 2.85173 0 0 0.50000 0.50000
2.50000 3.14583 0 0 0.50000 0.50000
2.60000 3.40427 0 0 0.50000 0.50000
2.70000 3.62297 0 0 0.50000 0.50000
2.80000 3.79787 0 0 0.50000 0.50000
2.90000 3.92490 0 0 0.50000 0.50000
3.00000 4.00000 0 0 0.50000 0.50000
3.10000 4.01910 0 0 0.50000 0.50000
3.20000 3.97813 0 0 0.50000 0.50000
3.30000 3.87303 0 0 0.50000 0.50000
3.40000 3.69974 0 0 0.50000 0.50000
3.50000 3.45417 0 0 0.50000 0.50000
3.60000 3.13227 0 0 0.50000 0.50000
3.70000 2.72997 0 0 0.50000 0.50000
3.80000 2.24321 0 0 0.50000 0.50000
3.90000 1.66791 0 0 0.50000 0.50000
4.00000 1.00001 0 0 0.50000 0.50000
4.10000 0.23545 0 0 0.50000 0.50000
4.20000 -0.62985 0 0 0.50000 0.50000
4.30000 -1.59995 0 0 0.50000 0.50000
4.40000 -2.67891 0 0 0.50000 0.50000
4.50000 -3.87081 0 0 0.50000 0.50000
4.60000 -5.17970 0 0 0.50000 0.50000
4.70000 -6.60968 0 0 0.50000 0.50000
4.80000 -8.16476 0 0 0.50000 0.50000
4.90000 -9.84905 0 0 0.50000 0.50000
5.00000 -11.66662 0 0 0.50000 0.50000
